City,Country,Lat,Lon,Max Temp,Humidity (%),Cloudiness (%),Wind Speed (mph),Date
clyde river,CA,70.47,-68.59,28.4,92,90,3.36,1590259298
bredasdorp,ZA,-34.53,20.04,59.0,62,0,5.82,1590259299
jamestown,US,42.1,-79.24,66.99,88,90,6.93,1590259170
sisimiut,GL,66.94,-53.67,40.5,71,4,18.28,1590259301
salalah,OM,17.02,54.09,86.0,89,39,4.7,1590259119
nikolskoye,RU,59.7,30.79,54.0,31,0,4.47,1590259303
punta arenas,CL,-53.15,-70.92,48.2,93,90,4.7,1590259304
chuy,UY,-33.7,-53.46,60.37,80,100,17.07,1590259305
leningradskiy,RU,69.38,178.42,29.14,97,100,10.2,1590259306
hithadhoo,MV,-0.6,73.08,84.04,74,100,8.39,1590259307
barrow,US,71.29,-156.79,30.2,86,75,18.34,1590259308
salekhard,RU,66.53,66.6,48.88,73,26,10.65,1590259309
rikitea,PF,-23.12,-134.97,71.53,66,3,22.46,1590259310
labelle,US,26.76,-81.44,91.0,46,40,11.41,1590259312
three hills,CA,51.7,-113.27,48.99,70,90,18.34,1590259313
kahului,US,20.89,-156.47,78.8,57,20,8.21,1590259314
newton,US,42.34,-71.21,61.0,71,100,14.99,1590259304
san jose,US,37.34,-121.89,75.99,31,20,5.82,1590259120
kapaa,US,22.08,-159.32,77.0,78,20,11.41,1590259111
pisco,PE,-13.7,-76.22,66.99,77,40,10.29,1590259318
hambantota,LK,6.12,81.12,82.22,78,100,17.58,1590259319
tasiilaq,GL,65.61,-37.64,50.0,53,40,6.93,1590259320
berezovyy,RU,51.67,135.7,37.99,82,1,3.98,1590259321
thomaston,US,32.89,-84.33,87.01,61,75,4.7,1590259322
novosysoyevka,RU,44.23,133.36,48.06,89,100,1.77,1590259324
vao,NC,-22.67,167.48,73.51,78,4,19.19,1590259325
atuona,PF,-9.8,-139.03,80.28,75,4,19.39,1590259326
saint george,US,37.1,-113.58,69.8,22,1,9.17,1590259327
saldanha,ZA,-33.01,17.94,59.0,82,0,4.7,1590259328
castro,BR,-24.79,-50.01,53.62,69,0,13.42,1590259170
upernavik,GL,72.79,-56.15,29.91,97,11,13.35,1590259330
ust-kulom,RU,61.69,53.69,44.1,86,100,4.94,1590259331
cidreira,BR,-30.18,-50.21,61.97,66,3,16.35,1590259147
hirado,JP,33.36,129.55,62.01,90,0,2.04,1590259333
vardo,NO,70.37,31.11,48.2,57,100,19.46,1590259334
versailles,FR,48.8,2.13,66.2,39,1,11.41,1590259335
obuasi,GH,6.21,-1.66,74.3,97,99,2.46,1590259336
krasnoselkup,RU,65.7,82.47,58.14,57,0,11.77,1590259337
yellowknife,CA,62.46,-114.35,42.8,56,75,12.75,1590259322
banjar,ID,-8.19,114.97,82.4,100,20,5.82,1590259340
saint-georges,GD,12.06,-61.75,86.0,74,20,18.34,1590259341
san juan,AR,-31.54,-68.54,66.06,24,0,6.42,1590259342
bluff,NZ,-46.6,168.33,49.55,84,100,2.1,1590259343
hami,CN,42.8,93.45,67.48,37,97,13.42,1590259344
khandyga,RU,62.67,135.6,42.55,61,100,3.65,1590259345
mahanoro,MG,-19.9,48.8,71.92,86,86,5.57,1590259346
imeni poliny osipenko,RU,52.42,136.49,35.65,94,0,7.54,1590259347
kodiak,US,57.79,-152.41,46.4,87,90,10.29,1590259348
lompoc,US,34.64,-120.46,63.0,72,1,13.87,1590259349
sao filipe,CV,14.9,-24.5,76.17,66,0,7.43,1590259350
ushuaia,AR,-54.8,-68.3,42.8,100,100,20.8,1590259351
butaritari,KI,3.07,172.79,82.49,78,74,9.91,1590259352
hilo,US,19.73,-155.09,79.0,69,90,4.7,1590259353
aquiraz,BR,-3.9,-38.39,86.0,66,40,9.17,1590259355
hobart,AU,-42.88,147.33,48.99,87,90,10.29,1590259214
sola,VU,-13.88,167.55,77.0,88,67,10.36,1590259357
port elizabeth,ZA,-33.92,25.57,60.8,82,0,5.82,1590259358
kaniama,CD,-7.57,24.18,70.57,62,80,4.59,1590259359
aklavik,CA,68.22,-135.01,51.8,43,5,8.05,1590259360
khatanga,RU,71.97,102.5,51.84,88,96,7.87,1590259361
cape town,ZA,-33.93,18.42,61.0,87,0,5.82,1590259087
mitu,CO,1.2,-70.17,74.82,96,100,3.56,1590259363
cabo san lucas,MX,22.89,-109.91,86.0,54,5,12.75,1590259364
mount isa,AU,-20.73,139.5,41.0,80,0,7.72,1590259365
vaini,TO,-21.2,-175.2,64.4,93,20,3.36,1590259366
provideniya,RU,64.38,-173.3,38.14,85,100,7.83,1590259367
edenderry,IE,53.35,-7.05,53.6,71,90,21.92,1590259368
san quintin,MX,30.48,-115.95,66.74,61,0,15.79,1590259369
xai-xai,MZ,-25.05,33.64,66.88,77,0,4.54,1590259371
can,TR,40.03,27.05,48.69,78,0,2.86,1590259372
saint-pierre,RE,-21.34,55.48,71.6,64,0,9.17,1590259373
dikson,RU,73.51,80.55,43.83,75,58,12.3,1590259374
poum,NC,-20.23,164.02,75.85,74,100,13.15,1590259375
qaanaaq,GL,77.48,-69.36,31.95,92,0,4.65,1590259376
bethel,US,41.37,-73.41,66.99,93,90,6.93,1590259092
kulhudhuffushi,MV,6.62,73.07,84.31,79,42,13.6,1590259378
mar del plata,AR,-38.0,-57.56,59.0,58,75,3.36,1590259379
los llanos de aridane,ES,28.66,-17.92,71.6,78,100,17.22,1590259380
ribeira grande,PT,38.52,-28.7,66.2,93,75,8.05,1590259266
puerto escondido,MX,15.85,-97.07,84.2,70,5,8.68,1590259354
chuka,KE,-0.33,37.65,64.47,91,100,1.19,1590259383
mataura,NZ,-46.19,168.86,47.34,85,100,1.99,1590259384
ponta do sol,PT,32.67,-17.1,73.0,59,80,1.99,1590259385
new norfolk,AU,-42.78,147.06,48.99,83,76,1.99,1590259387
pevek,RU,69.7,170.31,29.77,96,100,4.32,1590259388
mulchen,CL,-37.72,-72.23,51.8,87,75,5.5,1590259389
hobyo,SO,5.35,48.53,84.63,70,0,24.94,1590259390
tarragona,ES,41.13,1.25,73.4,69,7,3.36,1590259357
sambava,MG,-14.27,50.17,75.09,86,89,12.88,1590259392
bramming,DK,55.47,8.7,55.4,76,76,17.22,1590259393
busselton,AU,-33.65,115.33,64.0,27,100,17.72,1590259394
bulolo,PG,-7.2,146.65,71.31,77,97,1.88,1590259395
kyren,RU,51.68,102.14,50.27,48,0,2.48,1590259396
tsiroanomandidy,MG,-18.77,46.03,61.43,64,0,2.53,1590259397
kaeo,NZ,-35.1,173.78,61.0,3,100,1.99,1590259398
yeppoon,AU,-23.13,150.73,46.4,100,14,7.4,1590259399
saint-philippe,RE,-21.36,55.77,71.6,64,52,9.17,1590259400
abonnema,NG,4.71,6.79,78.8,88,40,6.11,1590259401
chapais,CA,49.78,-74.85,55.4,26,1,8.05,1590259403
boyolangu,ID,-8.12,111.89,76.12,81,0,0.54,1590259404
hualmay,PE,-11.1,-77.61,69.93,67,47,8.84,1590259405
port alfred,ZA,-33.59,26.89,59.0,85,0,4.0,1590259406
tuktoyaktuk,CA,69.45,-133.04,33.8,80,5,11.41,1590259407
chino valley,US,34.76,-112.45,75.0,19,1,10.29,1590259408
sept-iles,CA,50.2,-66.38,53.6,17,20,6.93,1590259409
mali,GN,12.08,-12.3,104.0,28,40,6.93,1590259410
hermanus,ZA,-34.42,19.23,61.09,84,0,10.85,1590259411
kochi,IN,9.94,76.26,82.13,86,65,4.63,1590259412
bilma,NE,18.69,12.92,92.62,26,88,14.85,1590259413
marivan,IR,35.52,46.18,64.18,36,0,2.06,1590259414
albanel,CA,48.88,-72.45,51.8,32,20,6.93,1590259415
caconda,AO,-13.73,15.07,58.95,53,0,1.25,1590259416
geraldton,AU,-28.77,114.6,73.4,17,100,18.34,1590259418
bonthe,SL,7.53,-12.51,80.74,84,79,5.68,1590259419
avarua,CK,-21.21,-159.78,80.6,78,4,13.87,1590259420
ostrogozhsk,RU,50.87,39.08,45.12,80,0,4.7,1590259421
kadoshkino,RU,54.03,44.42,45.07,94,100,13.31,1590259422
ginda,IN,30.69,78.49,65.97,30,64,8.34,1590259423
georgetown,MY,5.41,100.34,80.6,94,40,4.7,1590259424
kaitangata,NZ,-46.28,169.85,48.0,78,100,2.71,1590259425
chokurdakh,RU,70.63,147.92,25.95,97,95,5.01,1590259426
proddatur,IN,14.73,78.55,95.14,41,92,10.83,1590259427
comines,FR,50.76,3.01,59.0,60,0,15.99,1590259428
uusikaupunki,FI,60.8,21.41,55.4,75,100,5.82,1590259429
kismayo,SO,-0.36,42.55,80.19,78,0,16.22,1590259430
beyneu,KZ,45.32,55.2,83.79,22,0,21.99,1590259431
talnakh,RU,69.49,88.4,50.0,81,100,8.95,1590259433
pirai do sul,BR,-24.53,-49.95,62.01,80,0,4.0,1590259434
agadez,NE,19.75,10.25,91.0,23,5,13.04,1590259435
crystal beach,CA,42.87,-79.06,73.99,77,43,5.01,1590259436
nioro,GM,13.35,-15.75,87.17,39,0,15.19,1590259437
mattru,SL,7.62,-11.83,77.47,94,100,2.82,1590259438
saskylakh,RU,71.92,114.08,51.21,82,100,9.42,1590259439
namibe,AO,-15.2,12.15,76.89,63,0,7.05,1590259440
sobolevo,RU,54.43,31.9,39.52,91,17,3.11,1590259441
fairbanks,US,64.84,-147.72,63.0,44,1,1.74,1590259442
flin flon,CA,54.77,-101.86,64.4,45,20,19.46,1590259443
thompson,CA,55.74,-97.86,62.6,59,75,4.7,1590259238
karratha,AU,-20.74,116.85,71.44,52,88,21.25,1590259445
fort nelson,CA,58.81,-122.7,55.4,71,75,2.24,1590259446
lasa,IT,46.62,10.7,50.0,81,75,11.41,1590259448
tomohon,ID,1.33,124.84,77.0,94,20,2.24,1590259449
yar-sale,RU,66.83,70.83,52.54,72,97,7.9,1590259450
udarnyy,RU,54.34,42.86,46.85,91,100,0.94,1590259451
torbay,CA,47.67,-52.73,43.0,52,90,27.51,1590259452
tomatlan,MX,19.93,-105.25,92.95,38,1,11.68,1590259453
bitung,ID,1.45,125.18,77.0,94,20,2.24,1590259454
tiksi,RU,71.69,128.87,39.79,90,89,13.09,1590259455
wuwei,CN,37.93,102.64,57.99,66,100,3.91,1590259457
albany,US,42.6,-73.97,84.2,39,75,12.75,1590259458
lagoa,PT,39.05,-27.98,65.8,89,97,11.36,1590259459
talcahuano,CL,-36.72,-73.12,60.8,48,12,13.87,1590259220
hokitika,NZ,-42.72,170.97,48.69,79,5,5.7,1590259461
arroyo,ES,41.61,-4.8,66.0,68,33,13.87,1590259431
hovd,MN,48.01,91.64,57.25,34,100,1.45,1590259463
leshukonskoye,RU,64.9,45.76,34.81,85,3,2.37,1590259464
bengkulu,ID,-3.8,102.27,77.27,83,31,4.54,1590259465
nyimba,ZM,-14.56,30.81,67.39,54,0,10.25,1590259466
river falls,US,44.86,-92.62,69.01,85,100,10.0,1590259441
grenfell,AU,-33.9,148.17,45.66,82,94,2.42,1590259468
lumsden,CA,50.65,-104.87,64.0,42,20,8.05,1590259469
raybag,IN,16.48,74.78,79.25,68,0,12.37,1590259470
huarmey,PE,-10.07,-78.15,71.62,66,36,8.81,1590259471
te anau,NZ,-45.42,167.72,46.08,86,100,1.66,1590259473
kita,ML,13.03,-9.49,97.29,16,0,2.8,1590259474
san patricio,MX,19.22,-104.7,82.4,88,75,9.17,1590259475
hangu,CN,39.25,117.79,62.6,88,0,2.24,1590259476
camana,PE,-16.62,-72.71,68.05,67,33,7.0,1590259477
great yarmouth,GB,52.61,1.73,62.6,42,81,19.46,1590259478
mersing,MY,2.43,103.84,77.0,94,17,1.12,1590259479
shizunai,JP,42.33,142.37,51.4,93,88,6.85,1590259480
east london,ZA,-33.02,27.91,65.53,80,0,9.98,1590259481
hasaki,JP,35.73,140.83,57.2,93,75,2.24,1590259482
kavieng,PG,-2.57,150.8,82.2,77,91,3.4,1590259483
college,US,64.86,-147.8,62.01,44,40,1.79,1590259318
broken hill,AU,-31.95,141.43,51.8,93,90,16.11,1590259485
batagay-alyta,RU,67.8,130.41,40.46,74,98,3.09,1590259486
talara,PE,-4.58,-81.27,80.6,57,1,13.87,1590259488
puerto ayora,EC,-0.74,-90.35,80.6,65,20,19.46,1590259489
longyan,CN,25.11,117.02,69.44,88,85,0.65,1590259490
gamba,GA,-2.65,10.0,79.07,88,42,5.68,1590259491
hernani,ES,43.27,-1.98,62.6,72,40,4.7,1590259227
arraial do cabo,BR,-22.97,-42.03,89.6,46,94,13.87,1590259244
gold coast,AU,-28.0,153.43,52.0,100,0,4.7,1590259494
navalmoral de la mata,ES,39.89,-5.54,80.69,42,5,2.75,1590259495
palmerston,AU,-12.49,130.98,69.01,52,100,12.75,1590259496
pangody,RU,65.85,74.49,54.32,74,95,2.48,1590259497
portland,US,45.52,-122.68,57.99,58,75,3.06,1590259383
coquimbo,CL,-29.95,-71.34,66.2,55,0,8.05,1590259499
aykhal,RU,66.0,111.5,60.8,41,63,4.47,1590259500
dabakala,CI,8.37,-4.43,80.49,74,36,2.64,1590259501
gimbi,ET,9.17,35.83,59.27,100,100,1.99,1590259502
nanortalik,GL,60.14,-45.24,46.56,58,100,7.78,1590259503
itarema,BR,-2.92,-39.92,81.68,82,81,10.31,1590259505
clinton,US,42.59,-82.92,73.0,80,100,6.31,1590259506
jardim,BR,-21.48,-56.14,64.02,52,0,8.84,1590259507
marzuq,YE,14.4,46.47,75.88,55,100,8.55,1590259508
port moresby,PG,-9.44,147.18,75.2,94,90,11.41,1590259509
rosarito,MX,32.33,-117.03,70.0,63,20,8.05,1590259510
oktyabrskoye,RU,43.06,44.74,48.2,100,100,6.71,1590259511
hamilton,US,39.18,-84.53,82.99,65,40,3.36,1590259296
jaragua,BR,-15.76,-49.33,75.94,81,84,7.2,1590259513
rocha,UY,-34.48,-54.33,58.33,75,90,15.43,1590259514
bellevue,US,47.61,-122.2,59.0,71,75,5.82,1590259515
severo-kurilsk,RU,50.68,156.12,39.07,74,100,5.57,1590259517
kudahuvadhoo,MV,2.67,72.89,84.29,78,99,21.0,1590259518
klaksvik,FO,62.23,-6.59,46.4,100,99,23.04,1590259519
kodinsk,RU,58.69,99.18,59.61,47,0,0.72,1590259520
herat,AF,34.5,62.0,75.2,23,0,6.93,1590259521
faanui,PF,-16.48,-151.75,80.67,77,25,21.52,1590259522
puertollano,ES,38.69,-4.11,87.01,28,0,8.12,1590259523
vestmannaeyjar,IS,63.44,-20.27,53.6,58,1,4.7,1590259524
staritsa,RU,56.51,34.94,40.46,95,97,2.3,1590259525
pereira barreto,BR,-20.64,-51.11,62.15,67,100,9.4,1590259526
lavrentiya,RU,65.58,-171.0,34.07,96,95,1.39,1590259527
kruisfontein,ZA,-34.0,24.73,54.79,77,0,4.81,1590259528
borzya,RU,50.38,116.52,44.91,71,0,9.82,1590259530
tual,ID,-5.67,132.75,81.75,83,100,23.33,1590259531
adrar,MR,20.5,-10.07,94.19,10,0,10.09,1590259532
watford,GB,51.66,-0.4,64.0,38,0,23.04,1590259265
lima,PE,-12.04,-77.03,68.0,72,20,11.41,1590259275
chicama,PE,-7.84,-79.15,75.97,58,99,9.66,1590259535
mae ramat,TH,16.98,98.52,76.06,83,100,1.77,1590259536
pacific grove,US,36.62,-121.92,72.0,63,1,6.93,1590259321
longyearbyen,SJ,78.22,15.64,39.2,69,75,9.17,1590259538
akyab,MM,20.15,92.9,83.53,78,37,4.25,1590259539
baykit,RU,61.67,96.37,61.25,43,0,1.9,1590259540
denpasar,ID,-8.65,115.22,82.4,100,20,5.82,1590259542
aginskoye,RU,51.1,114.53,46.74,53,100,8.66,1590259543
padang,ID,-0.95,100.35,80.47,68,99,3.22,1590259544
marawi,PH,8.0,124.29,73.99,92,43,5.99,1590259545
cherskiy,RU,68.75,161.3,29.21,90,0,7.43,1590259546
santa quiteria,BR,-4.33,-40.16,80.58,90,48,4.36,1590259547
castilho,BR,-20.87,-51.49,63.09,63,100,8.43,1590259548
ambulu,ID,-8.35,113.61,76.98,85,15,3.36,1590259549
roald,NO,62.58,6.13,57.2,50,44,10.29,1590259550
shingu,JP,33.73,135.98,63.14,91,100,5.01,1590259551
tuy hoa,VN,13.08,109.3,79.59,85,100,6.69,1590259552
san cristobal,VE,7.77,-72.22,96.8,32,20,26.4,1590259553
bambous virieux,MU,-20.34,57.76,73.4,69,40,9.17,1590259555
sabha,LY,27.04,14.43,81.72,23,0,23.33,1590259556
dukat,RU,62.55,155.55,26.19,93,44,2.98,1590259557
mahebourg,MU,-20.41,57.7,73.4,69,40,9.17,1590259558
yulara,AU,-25.24,130.99,42.8,45,0,3.36,1590259416
camalu,MX,30.85,-116.07,69.01,50,0,7.0,1590259560
christchurch,NZ,-43.53,172.63,53.01,93,100,9.17,1590259532
pastavy,BY,55.12,26.83,46.98,75,24,5.17,1590259562
oranjestad,AW,12.52,-70.03,87.8,66,40,26.4,1590259530
karmala,IN,18.42,75.2,90.86,16,26,14.07,1590259564
shimoni,KE,-4.65,39.38,79.27,77,0,17.34,1590259565
sinnamary,GF,5.38,-52.95,82.58,75,49,10.74,1590259566
port hardy,CA,50.7,-127.42,51.8,81,90,3.36,1590259567
zastron,ZA,-30.3,27.08,48.0,52,0,1.81,1590259569
mayumba,GA,-3.43,10.66,79.45,88,57,6.89,1590259570
morgan city,US,29.7,-91.21,88.0,66,75,11.41,1590259571
grindavik,IS,63.84,-22.43,55.4,47,6,9.17,1590259572
muros,ES,42.78,-9.06,66.99,62,100,14.0,1590259573
dingle,PH,11.0,122.67,78.94,84,100,1.79,1590259574
bathsheba,BB,13.22,-59.52,87.8,62,20,17.22,1590259575
iskateley,RU,67.68,53.15,34.34,89,100,9.24,1590259576
mantua,IT,45.17,10.78,77.0,60,88,5.99,1590259577
galesong,ID,-5.32,119.37,77.0,100,20,3.78,1590259578
ankazoabo,MG,-22.28,44.52,67.26,66,0,4.38,1590259579
popondetta,PG,-8.75,148.25,74.28,93,1,2.82,1590259580
sidi ali,DZ,36.1,0.42,74.25,42,0,10.85,1590259582
marsh harbour,BS,26.54,-77.06,78.3,74,97,14.45,1590259581
santiago del estero,AR,-27.8,-64.26,63.07,29,0,4.29,1590259584
ostrovnoy,RU,68.05,39.51,39.15,87,100,14.99,1590259585
victoria,HK,22.29,114.16,78.01,83,56,8.99,1590259586
sudova vyshnya,UA,49.79,23.37,57.2,50,100,6.13,1590259587
iqaluit,CA,63.75,-68.51,28.4,68,90,23.04,1590259480
viedma,AR,-40.81,-63.0,59.83,33,100,23.47,1590259452
sao felix do xingu,BR,-6.64,-51.99,83.98,80,79,4.03,1590259590
beni mazar,EG,28.5,30.8,73.76,30,0,21.99,1590259591
wladyslawowo,PL,54.79,18.4,54.0,100,90,6.93,1590259592
laguna,US,38.42,-121.42,77.0,20,1,12.75,1590259593
beloha,MG,-25.17,45.05,69.93,81,75,10.18,1590259594
kupang,ID,-10.17,123.58,78.42,77,91,15.9,1590259596
amahai,ID,-3.33,128.92,79.41,83,94,1.74,1590259597
codrington,AU,-38.27,141.97,49.64,75,23,11.65,1590259598
turukhansk,RU,65.82,87.98,59.86,69,63,3.67,1590259599
urubicha,BO,-15.38,-62.95,62.02,42,100,7.25,1590259600
bandrele,YT,-12.91,45.19,80.6,74,0,13.87,1590259601
porto walter,BR,-8.27,-72.74,86.67,67,66,3.18,1590259602
bintulu,MY,3.17,113.03,80.6,94,75,3.67,1590259603
tazovskiy,RU,67.47,78.7,52.54,72,100,10.65,1590259604
karlstad,SE,59.38,13.5,51.01,100,0,8.05,1590259385
airai,TL,-8.93,125.41,59.61,100,93,3.69,1590259606
palana,RU,59.12,159.97,35.44,83,46,6.55,1590259607
vila velha,BR,-20.33,-40.29,84.2,70,0,13.87,1590259437
alta floresta,BR,-9.88,-56.09,80.73,86,5,5.64,1590259610
faya,SA,18.39,42.45,69.8,49,28,3.49,1590259611
bandipur,NP,27.93,84.42,67.87,89,81,2.57,1590259612
nome,US,64.5,-165.41,53.6,58,1,12.75,1590259613
sindor,RU,62.86,51.89,35.76,92,88,4.09,1590259614
buala,SB,-8.14,159.59,80.98,77,47,4.18,1590259615
zambezi,ZM,-13.54,23.1,62.37,48,0,4.25,1590259616
san vicente,AR,-26.62,-54.13,47.84,100,100,7.76,1590259617
nakusp,CA,50.25,-117.8,53.02,68,100,1.28,1590259618
areia branca,BR,-4.96,-37.14,82.96,74,61,12.44,1590259619
ilheus,BR,-14.79,-39.05,78.82,84,0,4.83,1590259621
smithers,CA,54.78,-127.17,57.2,54,40,3.36,1590259622
banjarmasin,ID,-3.32,114.59,78.8,100,89,3.36,1590259623
meulaboh,ID,4.14,96.13,78.84,84,100,2.08,1590259624
prince george,CA,53.92,-122.75,57.0,71,75,9.17,1590259598
ampanihy,MG,-24.7,44.75,72.77,68,81,7.29,1590259626
saint anthony,US,45.02,-93.22,71.6,77,90,3.36,1590259627
wanlaweyn,SO,2.62,44.89,77.52,76,0,15.77,1590259628
genhe,CN,50.78,121.52,39.29,88,99,5.77,1590259629
bad reichenhall,DE,47.73,12.88,53.6,87,75,11.41,1590259630
carbondale,US,37.73,-89.22,82.99,65,1,9.17,1590259466
rivers,CA,50.03,-100.24,75.2,36,75,9.17,1590259632
asosa,ET,10.07,34.53,64.96,87,100,2.66,1590259633
tautira,PF,-17.73,-149.15,82.0,69,20,4.7,1590259635
blagoyevo,RU,63.37,47.92,37.53,77,97,3.78,1590259636
bozeman,US,45.68,-111.04,44.01,75,90,10.29,1590259389
monticello,US,45.31,-93.79,69.01,77,90,7.83,1590259476
ilulissat,GL,69.22,-51.1,39.2,69,40,10.29,1590259639
parrita,CR,9.52,-84.32,82.4,65,75,10.29,1590259640
grand gaube,MU,-20.01,57.66,69.01,75,6,4.0,1590259641
bhuj,IN,23.27,69.67,80.67,76,0,14.79,1590259642
ugoofaaru,MV,5.67,73.0,84.09,79,43,14.47,1590259643
knysna,ZA,-34.04,23.05,55.4,87,0,3.36,1590259644
pringsewu,ID,-5.36,104.97,74.52,90,43,1.97,1590259645
taoudenni,ML,22.68,-3.98,91.53,19,0,9.91,1590259646
tiznit,MA,29.58,-9.5,85.14,21,0,6.15,1590259648
sitka,US,57.05,-135.33,53.6,58,90,14.99,1590259649
esperance,AU,-33.87,121.9,50.0,53,100,17.22,1590259650
nyangao,TZ,-10.33,39.28,68.47,83,0,2.26,1590259651
lorengau,PG,-2.02,147.27,81.12,80,75,2.98,1590259652
enkhuizen,NL,52.7,5.28,59.0,68,0,22.21,1590259653
kisangani,CD,0.52,25.2,76.64,79,56,1.92,1590259654
sampit,ID,-2.53,112.95,74.97,98,2,1.59,1590259655
mahibadhoo,MV,3.78,72.97,83.26,82,39,21.34,1590259656
ulladulla,AU,-35.35,150.47,57.2,58,90,16.11,1590259657
makakilo city,US,21.35,-158.09,73.4,83,75,5.82,1590259658
bani walid,LY,31.76,13.99,66.54,48,0,10.51,1590259659
katsuura,JP,35.13,140.3,62.6,93,75,3.36,1590259660
bilibino,RU,68.05,166.44,27.09,90,65,3.71,1590259662
narrabri,AU,-30.32,149.78,48.2,81,75,3.36,1590259663
nogliki,RU,51.83,143.17,36.81,93,60,7.34,1590259664
kysyl-syr,RU,63.9,122.76,48.04,71,100,4.65,1590259665
cockburn town,TC,21.46,-71.14,80.56,84,100,11.36,1590259666
williston,US,48.15,-103.62,62.6,76,75,9.17,1590259396
ewa beach,US,21.32,-158.01,73.4,83,75,5.82,1590259668
lebu,CL,-37.62,-73.65,57.56,61,46,8.05,1590259669
llangefni,GB,53.26,-4.31,57.2,67,100,17.22,1590259670
tarboro,US,35.9,-77.54,84.2,54,40,9.17,1590259671
coahuayana,MX,18.73,-103.68,80.6,61,20,11.41,1590259508
hidalgotitlan,MX,17.78,-94.63,93.2,56,40,11.41,1590259673
kaduy,RU,59.2,37.15,41.52,78,38,4.21,1590259674
velizh,RU,55.61,31.2,41.88,88,10,3.29,1590259675
slave lake,CA,55.28,-114.77,44.6,81,90,9.17,1590259543
tuatapere,NZ,-46.13,167.68,49.23,85,100,1.01,1590259678
sundsvall,SE,62.39,17.31,46.0,93,100,16.11,1590259425
alofi,NU,-19.06,-169.92,75.2,100,5,3.36,1590259544
auki,SB,-8.77,160.7,78.57,86,100,3.22,1590259681
saint albans,GB,51.75,-0.33,60.01,58,40,21.92,1590259682
cayenne,GF,4.93,-52.33,86.0,66,90,6.93,1590259683
tucurui,BR,-3.77,-49.67,84.04,85,84,2.71,1590259684
tocopilla,CL,-22.09,-70.2,70.93,48,4,6.26,1590259685
avera,US,33.19,-82.53,89.01,55,75,5.82,1590259686
zhigansk,RU,66.77,123.37,42.73,66,1,5.95,1590259687
beausejour,CA,50.06,-96.52,79.0,58,100,5.99,1590259688
nosy varika,MG,-20.58,48.53,71.94,87,88,6.91,1590259689
tura,IN,25.52,90.22,73.27,92,54,4.12,1590259690
uaua,BR,-9.84,-39.48,87.03,39,0,12.97,1590259691
muhos,FI,64.81,25.99,53.6,40,1,5.82,1590259692
pocone,BR,-16.26,-56.62,67.15,66,97,8.03,1590259694
warrnambool,AU,-38.38,142.48,50.0,89,75,13.51,1590259695
dubbo,AU,-32.25,148.62,44.6,87,93,3.36,1590259696
kachug,RU,53.96,105.88,52.61,57,56,4.47,1590259697
dagohoy,PH,9.89,124.27,82.4,83,20,2.24,1590259698
rorvik,NO,64.86,11.24,49.5,81,17,18.72,1590259699
tommot,RU,58.96,126.29,40.59,84,100,2.06,1590259700
abbeville,FR,50.1,1.83,57.99,63,0,13.24,1590259701
shimoda,JP,34.67,138.95,57.0,94,100,4.03,1590259702
praia da vitoria,PT,38.73,-27.07,68.0,88,75,15.73,1590259703
sabang,ID,5.89,95.32,83.7,76,100,10.94,1590259704
chester,US,40.13,-75.87,72.0,78,75,6.93,1590259490
touros,BR,-5.2,-35.46,75.2,100,75,2.24,1590259706
jiuquan,CN,39.74,98.52,59.2,44,19,7.56,1590259707
guerrero negro,MX,27.98,-114.06,67.95,59,32,17.25,1590259566
coihaique,CL,-45.58,-72.07,48.2,100,90,5.82,1590259710
redcar,GB,54.62,-1.06,57.0,62,99,11.01,1590259711
saint-joseph,RE,-21.37,55.62,71.6,64,25,9.17,1590259712
paidha,UG,2.42,30.99,62.71,93,99,4.45,1590259713
pandan,PH,14.05,124.17,81.57,83,100,4.94,1590259714
jalu,LY,29.03,21.55,78.94,25,0,10.71,1590259715
dillon,US,34.42,-79.37,88.0,51,40,13.87,1590259717
eureka,US,40.8,-124.16,63.0,67,10,1.99,1590259718
yurginskoye,RU,56.82,67.39,56.57,83,100,3.83,1590259719
caravelas,BR,-17.71,-39.25,80.33,69,4,6.67,1590259720
pingliang,CN,35.54,106.69,58.84,35,100,3.56,1590259721
narsaq,GL,60.92,-46.05,60.8,21,75,25.28,1590259722
taguisa,PH,6.7,124.04,80.01,79,74,5.03,1590259723
shubarkuduk,KZ,49.14,56.49,72.93,31,0,20.02,1590259724
kedrovyy,RU,56.17,91.82,59.0,82,0,8.95,1590259725
ngunguru,NZ,-35.62,174.5,61.0,97,100,8.01,1590259726
taree,AU,-31.9,152.47,57.99,67,90,11.41,1590259727
mopti,ML,14.67,-4.0,102.2,10,0,13.87,1590259728
glazov,RU,58.14,52.66,45.0,87,100,5.68,1590259730
xining,CN,36.62,101.77,44.71,73,100,1.41,1590259731
yazoo city,US,32.86,-90.41,82.4,69,75,6.93,1590259732
jumla,NP,29.27,82.18,55.54,62,8,2.53,1590259733
velyka mykhaylivka,UA,47.08,29.85,50.13,75,58,7.47,1590259734
davila,PH,18.47,120.58,78.8,88,75,15.41,1590259735
byron bay,AU,-28.65,153.62,50.0,71,0,9.17,1590259668
tezu,IN,27.92,96.17,72.79,85,84,2.21,1590259737
norman wells,CA,65.28,-126.83,57.2,47,20,9.17,1590259738
kununurra,AU,-15.77,128.73,60.8,44,0,8.05,1590259740
rassvet,RU,46.83,40.75,47.73,74,0,7.34,1590259741
rabat,MA,33.99,-6.84,84.0,51,12,12.75,1590259742
selma,US,36.57,-119.61,75.99,35,0,6.93,1590259681
tromso,NO,69.65,18.96,55.4,87,57,28.86,1590259744
cuyo,PH,10.85,121.01,84.97,72,100,7.85,1590259745
axim,GH,4.87,-2.24,79.86,85,50,7.54,1590259746
rodrigues alves,BR,-7.74,-72.65,93.43,45,20,2.37,1590259747
boddam,GB,57.47,-1.78,55.4,58,90,13.87,1590259748
khasan,RU,42.43,130.64,50.22,98,100,7.4,1590259749
ketchikan,US,55.34,-131.65,51.8,87,90,23.04,1590259750
vernon,CA,50.26,-119.27,59.0,54,90,3.36,1590259751
sorland,NO,67.67,12.69,46.33,86,84,10.85,1590259752
botwood,CA,49.15,-55.35,48.0,47,60,7.0,1590259753
neuquen,AR,-38.95,-68.06,53.6,50,92,4.7,1590259508
pirgos,GR,35.12,25.72,69.01,43,0,24.0,1590259755
raton,US,36.9,-104.44,73.4,8,1,16.11,1590259756
la ronge,CA,55.1,-105.28,48.2,70,90,13.87,1590259758
gat,IL,31.61,34.76,71.01,75,42,11.21,1590259759
rawson,AR,-43.3,-65.1,66.97,32,100,19.57,1590259760
mecca,SA,21.43,39.83,90.3,23,0,4.54,1590259761
guaruja,BR,-23.99,-46.26,82.4,58,100,14.99,1590259762
thinadhoo,MV,0.53,72.93,84.24,79,100,18.25,1590259763
creston,US,41.06,-94.36,69.8,83,75,12.75,1590259548
batticaloa,LK,7.71,81.69,83.91,79,100,4.59,1590259765
camocim,BR,-2.9,-40.84,81.79,85,100,10.4,1590259766
aki,JP,33.5,133.9,64.76,83,100,5.59,1590259768
tabou,CI,4.42,-7.35,80.28,83,9,7.23,1590259769
kemijarvi,FI,66.71,27.43,45.25,79,0,3.24,1590259770
hofn,IS,64.25,-15.21,49.71,52,0,15.41,1590259772
samarai,PG,-10.62,150.67,80.17,82,25,4.7,1590259773
kalemie,CD,-5.95,29.19,71.49,74,2,4.9,1590259774
aksarka,RU,66.56,67.8,50.68,74,100,3.56,1590259775
port-gentil,GA,-0.72,8.78,82.4,88,40,8.05,1590259776
fortuna,US,40.6,-124.16,61.0,67,20,14.99,1590259777
upata,VE,8.01,-62.4,93.0,54,44,8.01,1590259778
tonstad,NO,58.66,6.72,48.99,94,100,1.01,1590259779
thohoyandou,ZA,-22.95,30.48,59.83,61,0,2.06,1590259780
necochea,AR,-38.55,-58.74,55.99,62,100,7.0,1590259743
ust-nera,RU,64.57,143.2,39.24,71,100,4.99,1590259782
carnarvon,AU,-24.87,113.63,70.45,52,100,27.65,1590259783
lovozero,RU,68.0,35.01,40.64,80,100,8.57,1590259784
les escoumins,CA,48.11,-69.02,46.04,47,0,6.71,1590259785
dangriga,BZ,16.97,-88.23,89.6,66,20,9.17,1590259787
marsaxlokk,MT,35.84,14.54,69.01,72,0,6.93,1590259788
giddalur,IN,15.35,78.92,87.71,54,93,3.0,1590259789
la orilla,MX,17.98,-102.23,84.34,63,61,7.83,1590259790
nouna,BF,12.73,-3.87,99.36,14,1,3.04,1590259791
ridgecrest,US,35.62,-117.67,75.2,11,1,5.82,1590259792
abu kamal,SY,34.45,40.92,84.04,25,100,3.22,1590259793
margate,GB,51.38,1.39,62.01,57,13,5.01,1590259794
garmsar,IR,35.22,52.34,84.51,18,0,6.26,1590259795
launceston,AU,-41.45,147.17,43.0,80,4,9.17,1590259765
svetlogorsk,BY,52.63,29.73,42.84,87,22,3.36,1590259797
tutoia,BR,-2.76,-42.27,82.56,79,23,11.81,1590259798
newport,GB,51.59,-3.0,57.0,75,66,1.99,1590259591
kholmogory,RU,64.22,41.66,41.0,75,0,2.24,1590259800
conde,BR,-7.26,-34.91,75.2,100,90,12.06,1590259801
korla,CN,41.76,86.15,78.01,65,3,8.01,1590259802
tynda,RU,55.17,124.72,37.9,88,32,5.32,1590259804
ust-ishim,RU,57.69,71.17,54.27,88,100,4.45,1590259805
dingtao,CN,35.07,115.56,65.39,53,99,3.71,1590259806
nouadhibou,MR,20.93,-17.03,68.0,82,75,20.8,1590259807
mozirje,SI,46.34,14.96,69.8,60,75,5.82,1590259808
nova olimpia,BR,-14.8,-57.29,69.64,60,68,8.48,1590259809
millinocket,US,45.66,-68.71,62.6,20,1,11.41,1590259810
half moon bay,US,37.46,-122.43,75.99,76,1,13.87,1590259811
cocobeach,GA,1.0,9.58,82.4,83,20,6.93,1590259812
casablanca,MA,33.59,-7.62,84.2,61,30,12.75,1590259740
luwuk,ID,-0.95,122.79,78.93,78,73,1.39,1590259814
mmabatho,ZA,-25.85,25.63,55.4,47,0,5.82,1590259815
port-cartier,CA,50.03,-66.87,53.6,17,20,6.93,1590259816
garowe,SO,8.41,48.48,88.2,43,0,22.32,1590259817
ayan,RU,56.45,138.17,37.58,82,0,4.92,1590259818
chimoio,MZ,-19.12,33.48,62.6,82,20,0.34,1590259820
berdigestyakh,RU,62.1,126.7,40.24,69,0,5.37,1590259821
ca mau,VN,9.18,105.15,81.59,82,100,2.89,1590259822
eyl,SO,7.98,49.82,87.33,60,5,22.01,1590259823
west bay,KY,19.37,-81.42,73.4,100,75,10.29,1590259824
the valley,AI,18.22,-63.06,86.0,69,72,5.01,1590259825
darhan,MN,49.49,105.92,52.75,53,96,2.66,1590259826
alpena,US,45.06,-83.43,75.2,50,1,11.41,1590259827
quelimane,MZ,-17.88,36.89,67.98,78,0,3.67,1590259828
mont-de-marsan,FR,44.0,-0.67,64.99,67,29,2.24,1590259829
nuuk,GL,64.18,-51.72,48.2,57,5,5.82,1590259830
cordoba,AR,-31.41,-64.18,59.0,26,0,5.82,1590259706
tripoli,LY,32.88,13.19,69.21,62,0,16.44,1590259743
dryden,CA,49.78,-92.75,69.8,56,90,4.7,1590259833
port lincoln,AU,-34.73,135.87,55.11,69,92,14.07,1590259834
winburg,ZA,-28.52,27.01,50.0,48,0,3.74,1590259836
qasigiannguit,GL,68.82,-51.19,39.2,69,40,10.29,1590259837
yuancheng,CN,36.65,107.79,58.93,33,100,6.51,1590259838
ponta delgada,PT,37.73,-25.67,66.2,93,75,6.93,1590259603
tieli,CN,46.95,128.05,52.59,90,100,1.92,1590259840
naze,JP,28.37,129.48,71.6,100,75,16.11,1590259841
kushima,JP,31.46,131.23,66.0,82,100,5.01,1590259842
petropavlovsk-kamchatskiy,RU,53.05,158.65,37.4,74,100,6.71,1590259843
urucui,BR,-7.23,-44.56,89.91,50,0,6.42,1590259844
mocuba,MZ,-16.84,36.99,63.32,93,0,3.02,1590259845
olafsvik,IS,64.89,-23.71,48.92,59,60,5.23,1590259846
diamantino,BR,-14.41,-56.45,66.58,71,100,10.56,1590259847
sao joao da barra,BR,-21.64,-41.05,86.0,58,0,9.17,1590259848
verkhnevilyuysk,RU,63.45,120.32,48.47,79,97,4.83,1590259850
dickinson,US,29.46,-95.05,89.6,62,40,16.11,1590259741
gizo,SB,-8.1,156.84,81.7,77,100,7.85,1590259852
bosilovo,MK,41.44,22.73,56.84,71,0,4.27,1590259853
whitianga,NZ,-36.83,175.7,59.0,93,100,7.0,1590259854
esmeraldas,BR,-19.76,-44.31,82.4,51,40,6.93,1590259855
nelson bay,AU,-32.72,152.15,55.99,87,90,12.75,1590259856
parana,AR,-31.73,-60.52,63.0,64,0,5.01,1590259857
shaunavon,CA,49.65,-108.42,56.35,51,49,11.32,1590259858
doume,CM,4.23,13.45,71.46,93,85,1.52,1590259859
palmer,US,42.16,-72.33,75.2,23,75,10.29,1590259824
nabire,ID,-3.37,135.48,76.82,86,92,3.71,1590259747
oussouye,SN,12.48,-16.55,91.4,78,20,4.7,1590259862
igrim,RU,63.19,64.42,49.01,68,0,9.17,1590259864
luderitz,NA,-26.65,15.16,59.0,82,0,8.05,1590259865
sumkino,RU,58.11,68.32,51.8,63,100,3.51,1590259866
gillette,US,44.29,-105.5,53.6,71,90,13.87,1590259585
deputatskiy,RU,69.3,139.9,32.34,100,100,4.74,1590259868
japura,ID,-0.32,102.35,74.43,95,81,0.87,1590259869
lahaina,US,20.88,-156.68,78.8,57,20,3.78,1590259850
astana,KZ,51.18,71.45,72.0,55,0,8.95,1590259871
kizhinga,RU,51.85,109.91,48.79,51,100,1.5,1590259872
zhangjiakou,CN,40.81,114.88,56.32,57,0,6.8,1590259873
lata,PT,40.16,-8.33,69.01,70,0,5.99,1590259875
lapy,PL,52.99,22.88,59.0,45,100,35.01,1590259876
mugumu,TZ,-1.85,34.7,61.43,90,93,2.66,1590259877
alexandria,EG,31.22,29.96,69.8,60,20,18.34,1590259771
morondava,MG,-20.28,44.28,72.77,76,0,11.77,1590259879
beringovskiy,RU,63.05,179.32,31.05,98,95,12.77,1590259880
constitucion,CL,-35.33,-72.42,64.72,36,11,13.15,1590259881
victoria point,AU,-27.58,153.3,52.0,57,0,1.99,1590259882
trinidad,BO,-14.83,-64.9,62.6,67,90,9.17,1590259883
bairiki,KI,1.33,172.98,80.6,83,40,4.7,1590259884
daugavpils,LV,55.88,26.53,47.46,71,6,2.91,1590259885
honghu,CN,29.82,113.46,74.08,66,28,1.14,1590259886
dawlatabad,AF,36.41,64.91,81.07,19,0,3.29,1590259888
agde,FR,43.31,3.48,66.2,82,99,4.7,1590259889
abu samrah,SY,35.3,37.18,65.53,70,1,16.02,1590259890
soure,BR,-0.72,-48.52,82.9,81,23,12.35,1590259891
herne bay,GB,51.37,1.13,62.01,59,0,5.01,1590259892
ancud,CL,-41.87,-73.82,59.0,100,90,17.22,1590259893
maragogi,BR,-9.01,-35.22,80.67,85,18,10.18,1590259894
asfi,MA,32.3,-9.24,73.98,65,23,15.39,1590259895
